50 100 1 50
1 2 2
1 4 1
1 7 2
1 5 4
1 34 5
2 3 2
2 8 2
2 45 3
2 34 2
3 5 5
3 20 4
3 37 4
4 14 5
4 19 3
4 42 5
5 6 5
5 9 3
5 11 4
5 13 3
5 49 5
6 18 2
6 27 3
6 11 4
7 10 3
7 12 3
7 21 5
7 41 5
7 26 5
8 15 4
8 33 1
9 23 5
9 24 2
9 19 1
9 50 1
9 14 3
10 31 4
10 39 1
10 50 5
10 32 3
11 33 2
11 43 3
11 40 4
12 26 1
12 28 3
12 48 3
12 45 5
12 41 5
13 17 3
13 39 4
13 31 5
13 19 4
14 15 3
14 40 1
14 32 5
15 16 4
15 35 1
15 38 4
15 29 2
15 27 4
16 46 1
17 22 5
17 46 4
17 20 5
17 31 4
18 32 4
18 42 2
19 34 4
19 50 2
19 40 5
20 29 5
20 49 4
20 31 1
21 28 3
21 31 1
22 47 2
23 43 4
23 29 1
24 25 5
24 36 1
24 43 3
24 33 4
25 39 3
27 41 1
27 28 4
28 32 4
28 29 2
29 30 2
29 42 5
29 48 3
30 38 1
33 44 5
33 44 4
35 47 2
35 39 5
36 37 3
36 46 1
37 39 5
39 50 1
40 42 2
43 47 1
